1.200711700000000000e+07
2.830040500000000000e+06
2.053357800000000000e+07
1.606070125000000000e+06
4.783542812500000000e+05
5.703807000000000000e+06
6.886041875000000000e+05
4.820573125000000000e+05
1.907350250000000000e+06
1.132432890625000000e+05
4.191165500000000000e+06
4.962664062500000000e+05
4.189567000000000000e+06
1.847447625000000000e+06
1.462683125000000000e+05
1.167831500000000000e+06
1.589590375000000000e+06
3.149944250000000000e+06
4.076647500000000000e+05
1.230298593750000000e+05
2.117751500000000000e+06
1.181088906250000000e+05
1.183311625000000000e+06
4.787739000000000000e+06
5.784968750000000000e+05
9.577401000000000000e+06
4.094043750000000000e+05
1.099002000000000000e+06
1.743938250000000000e+06
1.470228875000000000e+06
4.948193437500000000e+05
3.468883500000000000e+06
5.675726500000000000e+06
2.497062600000000000e+07
4.649089375000000000e+05
1.463164600000000000e+07
7.772175625000000000e+05
1.288494375000000000e+06
4.540639375000000000e+05
1.017661400000000000e+07
2.684610500000000000e+06
7.236617000000000000e+06
4.598230625000000000e+05
2.035807031250000000e+05
3.453007750000000000e+06
1.085021600000000000e+07
6.563921500000000000e+06
3.442874687500000000e+05
9.948711875000000000e+05
1.477446500000000000e+06
1.527560250000000000e+06
2.277742031250000000e+05
4.056847000000000000e+06
2.183812656250000000e+05
2.127393000000000000e+06
3.522080625000000000e+05
5.846686000000000000e+06
4.574504500000000000e+06
2.959748000000000000e+06
6.962901250000000000e+05
1.098601200000000000e+07
4.080010250000000000e+06
3.985470500000000000e+06
3.186441250000000000e+05
3.455690625000000000e+05
2.807867000000000000e+06
3.826998125000000000e+05
1.382967900000000000e+07
6.567580625000000000e+05
9.049305000000000000e+05
2.673987187500000000e+05
2.523896250000000000e+05
3.446885937500000000e+05
1.606565000000000000e+06
7.994486875000000000e+05
1.959992125000000000e+06
8.540470625000000000e+05
1.070500600000000000e+07
1.947176000000000000e+06
3.753477000000000000e+06
2.219407750000000000e+06
7.459798500000000000e+06
4.392395500000000000e+06
8.100485000000000000e+06
3.009567250000000000e+06
3.099549375000000000e+05
4.322390625000000000e+05
9.317338750000000000e+05
4.432013750000000000e+05
1.482162875000000000e+06
8.785730000000000000e+05
2.236919500000000000e+06
2.913280750000000000e+06
2.156249218750000000e+05
2.967108750000000000e+05
1.968439218750000000e+05
4.727918500000000000e+06
1.979173625000000000e+06
1.152191250000000000e+06
5.431625625000000000e+05
1.659332750000000000e+06
3.153585625000000000e+05
3.469860937500000000e+05
5.755668500000000000e+06
6.790617500000000000e+06
1.079927500000000000e+06
2.614675000000000000e+06
2.730009500000000000e+06
2.599782656250000000e+05
6.455495000000000000e+05
6.699277500000000000e+06
3.386867812500000000e+05
8.310046500000000000e+06
3.907426750000000000e+06
1.555246875000000000e+06
7.603516250000000000e+05
5.321450625000000000e+05
2.419431750000000000e+06
3.747285750000000000e+06
1.438528750000000000e+06
8.533521000000000000e+06
1.467682000000000000e+06
3.824982500000000000e+06
1.698529531250000000e+05
7.234611875000000000e+05
3.115331250000000000e+06
2.615155156250000000e+05
7.605979500000000000e+06
1.573333625000000000e+06
1.603844625000000000e+06
7.576748125000000000e+05
9.451208000000000000e+06
1.160380700000000000e+07
1.815570781250000000e+05
1.529047656250000000e+05
7.228363750000000000e+05
1.108052100000000000e+07
1.404611093750000000e+05
2.082910468750000000e+05
4.754421562500000000e+05
4.300178000000000000e+06
2.673236500000000000e+06
2.651339375000000000e+05
3.631978125000000000e+05
5.173059000000000000e+06
1.336243437500000000e+05
2.411140781250000000e+05
3.473968750000000000e+06
1.904019687500000000e+05
1.562164375000000000e+05
3.699930312500000000e+05
1.341849531250000000e+05
2.399037031250000000e+05
1.259410125000000000e+06
8.208189000000000000e+06
7.414486875000000000e+05
9.062859000000000000e+06
5.472595500000000000e+06
3.092166750000000000e+06
1.036002500000000000e+07
1.974065125000000000e+06
1.461198500000000000e+07
5.368496500000000000e+06
5.571463125000000000e+05
1.031013812500000000e+06
1.836031800000000000e+07
6.591214062500000000e+04
2.302742750000000000e+06
1.118476250000000000e+06
4.044412250000000000e+06
1.156748250000000000e+06
1.376937125000000000e+06
3.981872750000000000e+06
1.278057625000000000e+06
5.428588500000000000e+06
5.490379500000000000e+06
1.507058600000000000e+07
4.156746875000000000e+05
5.507887500000000000e+05
2.269808750000000000e+06
2.108202000000000000e+06
1.900944375000000000e+05
3.336425500000000000e+06
1.027181312500000000e+06
8.822989000000000000e+06
3.701839687500000000e+05
3.314525400000000000e+07
5.369266875000000000e+05
2.770478000000000000e+07
1.132894750000000000e+06
2.084127750000000000e+06
3.286400250000000000e+06
3.826680625000000000e+05
1.150208500000000000e+06
6.969112500000000000e+05
5.104302187500000000e+05
9.407755000000000000e+06
3.053317500000000000e+05
4.349768000000000000e+06
3.137390000000000000e+05
6.130369375000000000e+05
2.071717600000000000e+07
4.361486000000000000e+06
7.361400781250000000e+04
1.567173700000000000e+07
4.425775312500000000e+05
1.969049600000000000e+07
5.696533500000000000e+06
1.225278375000000000e+06
1.558924500000000000e+07
1.820251125000000000e+06
1.797091375000000000e+06
1.043626750000000000e+06
4.719024375000000000e+05
1.786136406250000000e+05
8.150228125000000000e+05
1.519455300000000000e+07
3.139453750000000000e+06
1.957299375000000000e+05
1.225977375000000000e+06
8.752249000000000000e+06
8.848361000000000000e+06
5.680543125000000000e+05
3.345829687500000000e+05
9.110851000000000000e+06
1.804654062500000000e+05
4.498111000000000000e+06
2.718509062500000000e+05
2.252931250000000000e+06
1.805965250000000000e+06
1.115555781250000000e+05
1.321494687500000000e+05
2.599580500000000000e+06
6.821058000000000000e+06
5.021174500000000000e+06
1.636545800000000000e+07
3.601813750000000000e+05
1.367561750000000000e+06
2.577898281250000000e+05
5.621466875000000000e+05
3.171089687500000000e+05
9.579707500000000000e+05
2.180798000000000000e+06
6.544571875000000000e+05
1.331408600000000000e+07
5.726164000000000000e+06
1.160329800000000000e+07
1.424919218750000000e+05
4.012461562500000000e+05
3.277423750000000000e+06
