1.137275695800781250e-01
-8.786821365356445312e-01
7.546989917755126953e-01
1.593723297119140625e-01
8.568418622016906738e-01
2.765172719955444336e-01
1.616037189960479736e-01
9.301269054412841797e-01
9.920973777770996094e-01
8.816375732421875000e-01
1.029918432235717773e+00
7.787665352225303650e-03
-6.771621704101562500e-01
4.887037277221679688e-01
-1.139621734619140625e-01
6.463584899902343750e-01
4.656872153282165527e-01
7.497949600219726562e-01
-6.520528793334960938e-01
-5.699100494384765625e-01
-2.320013046264648438e-01
-5.708084106445312500e-01
1.281070709228515625e-01
-8.329601287841796875e-01
-9.135670661926269531e-01
-9.101653099060058594e-01
-5.507831573486328125e-01
-5.866689682006835938e-01
-6.132526397705078125e-01
6.812915802001953125e-01
5.097603797912597656e-01
1.059254050254821777e+00
2.014732360839843750e-01
-9.474754333496093750e-02
3.746013641357421875e-01
9.206607341766357422e-01
1.002273559570312500e-01
7.495602369308471680e-01
-4.779243469238281250e-01
6.825138330459594727e-01
-5.202083587646484375e-01
-1.568450927734375000e-01
-2.181119918823242188e-01
-6.130666732788085938e-01
3.690032958984375000e-01
9.357618093490600586e-01
7.394934892654418945e-01
4.497577846050262451e-01
9.203107357025146484e-01
-7.319908142089843750e-01
8.690491914749145508e-01
6.779803037643432617e-01
-9.198808670043945312e-02
-8.598215878009796143e-03
3.110360801219940186e-01
2.677242159843444824e-01
4.473823904991149902e-01
-9.941076040267944336e-01
-5.182600021362304688e-01
1.024465084075927734e+00
1.037917137145996094e+00
-5.482909679412841797e-01
-8.970022201538085938e-01
-2.654714584350585938e-01
8.820261955261230469e-01
5.521774291992187500e-01
8.970880508422851562e-01
-5.589727163314819336e-01
5.350470542907714844e-01
6.607146263122558594e-01
-6.648807525634765625e-01
1.244561672210693359e-01
-8.902244567871093750e-01
9.357514381408691406e-01
7.067327499389648438e-01
5.430256128311157227e-01
2.853745818138122559e-01
-9.478456974029541016e-01
2.328283190727233887e-01
1.147218942642211914e-01
2.116383910179138184e-01
-7.168407440185546875e-01
-9.246816635131835938e-01
5.480899810791015625e-01
-1.932554244995117188e-01
-8.459973335266113281e-01
-2.586355209350585938e-01
7.565469741821289062e-01
9.123775959014892578e-01
-4.992713928222656250e-01
-7.956051826477050781e-01
-3.766345977783203125e-01
8.694608211517333984e-01
3.552747517824172974e-02
1.057606220245361328e+00
2.249011993408203125e-01
-8.763551712036132812e-02
-8.751554489135742188e-01
-9.849299788475036621e-01
6.841009855270385742e-01
-7.645615339279174805e-01
6.308156251907348633e-02
9.144660234451293945e-01
3.061034977436065674e-01
8.013312816619873047e-01
-9.789035320281982422e-01
-5.516576766967773438e-01
-2.704601287841796875e-01
7.544679641723632812e-01
-8.094749450683593750e-01
4.448795318603515625e-02
-8.881132602691650391e-01
4.948530197143554688e-01
6.769337654113769531e-01
-9.127488136291503906e-01
-8.963346481323242188e-01
4.041011333465576172e-01
1.149673461914062500e-01
3.993988037109375000e-03
5.126571655273437500e-01
-4.342069625854492188e-01
1.862102150917053223e-01
2.041816711425781250e-02
-3.284568786621093750e-01
3.059673309326171875e-01
-2.559318542480468750e-01
-4.199342727661132812e-01
5.987808704376220703e-01
-7.944273948669433594e-01
1.053808927536010742e+00
1.783127188682556152e-01
1.554555594921112061e-01
-3.277225494384765625e-01
2.052268981933593750e-01
4.491972923278808594e-02
1.462025940418243408e-01
-9.354784488677978516e-01
-8.247108459472656250e-01
9.099659919738769531e-01
1.026624202728271484e+00
-5.970439910888671875e-01
-9.745135307312011719e-01
7.157406806945800781e-01
8.576574325561523438e-01
-5.507698059082031250e-01
-7.207374572753906250e-01
2.680590152740478516e-01
-7.093605995178222656e-01
-7.592461109161376953e-01
4.083633422851562500e-01
-9.850654602050781250e-01
-7.742433547973632812e-01
4.831843376159667969e-01
5.290937423706054688e-01
9.313682317733764648e-01
-7.200679779052734375e-01
-6.268272399902343750e-01
4.851309657096862793e-01
4.658679962158203125e-01
2.730195522308349609e-01
9.539031982421875000e-02
-2.394495010375976562e-01
9.798036813735961914e-01
6.645253300666809082e-02
6.153411865234375000e-01
-9.320225715637207031e-01
-6.948986053466796875e-01
-3.008956909179687500e-01
9.425203204154968262e-01
-6.724162101745605469e-01
1.626358032226562500e-01
8.861473202705383301e-01
5.126495361328125000e-01
4.574708938598632812e-01
7.819654941558837891e-01
-7.106246948242187500e-01
-1.916527748107910156e-01
7.534890174865722656e-01
-1.344742774963378906e-01
-6.708450317382812500e-01
4.450292140245437622e-02
3.300437927246093750e-01
-6.353588104248046875e-01
7.562587261199951172e-01
2.546615600585937500e-01
-8.420000076293945312e-01
-9.556303024291992188e-01
4.194431304931640625e-01
-6.375217437744140625e-01
2.938973605632781982e-01
7.735519409179687500e-01
-9.719133377075195312e-01
3.288650512695312500e-02
8.223495483398437500e-01
6.862442493438720703e-01
3.015208244323730469e-01
1.364430785179138184e-01
-5.928483009338378906e-01
3.129653930664062500e-01
1.038486242294311523e+00
